traj!!!!!!!!!---------------- 
0 0 0 0 0 0 
0.687303 -0.223647 1.72991 1.50815 -0.995318 0.490631 
0.113703 -2.21347 -1.0134 2.41205 -0.679155 -0.756785 
traj!!!!!!!!!---------------- 
0 0 0 0 0 0 
0.0200481 0.0043544 0.0569554 0.0331831 -0.0264611 0.0184994 
0.040081 0.00868761 0.113857 0.0663589 -0.0529065 0.0369779 
0.0600837 0.0129784 0.170651 0.0995202 -0.0793205 0.0554147 
0.0800409 0.0172057 0.227285 0.13266 -0.105687 0.0737889 
0.0999377 0.0213481 0.283703 0.16577 -0.131991 0.0920798 
0.119759 0.0253846 0.339853 0.198845 -0.158216 0.110266 
0.139489 0.029294 0.395682 0.231875 -0.184347 0.128328 
0.159114 0.0330549 0.451134 0.264855 -0.210367 0.146243 
0.178617 0.0366463 0.506157 0.297778 -0.236262 0.163992 
0.197984 0.040047 0.560697 0.330634 -0.262015 0.181552 
0.2172 0.0432357 0.6147 0.363419 -0.28761 0.198905 
0.236249 0.0461913 0.668112 0.396123 -0.313033 0.216028 
0.255117 0.0488926 0.720881 0.428741 -0.338266 0.2329 
0.273788 0.0513183 0.772951 0.461264 -0.363295 0.249502 
0.292248 0.0534474 0.82427 0.493685 -0.388104 0.265811 
0.31048 0.0552585 0.874784 0.525998 -0.412676 0.281808 
0.32847 0.0567305 0.924439 0.558195 -0.436997 0.29747 
0.346203 0.0578422 0.973182 0.590269 -0.461051 0.312779 
0.363664 0.0585724 1.02096 0.622212 -0.484821 0.327712 
0.380837 0.0588999 1.06771 0.654018 -0.508291 0.342248 
0.397708 0.0588035 1.1134 0.685678 -0.531448 0.356368 
0.414261 0.0582621 1.15795 0.717186 -0.554273 0.370049 
0.430481 0.0572544 1.20133 0.748534 -0.576753 0.383272 
0.446353 0.0557592 1.24347 0.779716 -0.59887 0.396015 
0.461861 0.0537554 1.28432 0.810724 -0.62061 0.408257 
0.476992 0.0512217 1.32383 0.84155 -0.641957 0.419978 
0.491729 0.048137 1.36194 0.872188 -0.662894 0.431157 
0.506058 0.04448 1.39861 0.902631 -0.683406 0.441773 
0.519963 0.0402296 1.43377 0.93287 -0.703478 0.451804 
0.533429 0.0353646 1.46738 0.962899 -0.723093 0.461231 
0.546441 0.0298637 1.49937 0.99271 -0.742236 0.470032 
0.558984 0.0237058 1.5297 1.0223 -0.760891 0.478187 
0.571043 0.0168697 1.55831 1.05165 -0.779043 0.485674 
0.582603 0.00933422 1.58516 1.08077 -0.796675 0.492473 
0.593648 0.00107812 1.61017 1.10963 -0.813772 0.498562 
0.604164 -0.00791977 1.63331 1.13825 -0.830318 0.503922 
0.614135 -0.0176807 1.65452 1.1666 -0.846298 0.508531 
0.623546 -0.0282257 1.67373 1.19469 -0.861696 0.512368 
0.632382 -0.0395762 1.69091 1.2225 -0.876495 0.515413 
0.640628 -0.0517532 1.706 1.25003 -0.890681 0.517644 
0.648268 -0.0647779 1.71894 1.27726 -0.904237 0.519041 
0.655289 -0.0786717 1.72968 1.3042 -0.917148 0.519583 
0.661674 -0.0934556 1.73816 1.33084 -0.929398 0.519249 
0.667408 -0.109151 1.74434 1.35716 -0.940971 0.518018 
0.672477 -0.125779 1.74815 1.38317 -0.951852 0.515869 
0.676864 -0.14336 1.74955 1.40885 -0.962024 0.512782 
0.680556 -0.161917 1.74848 1.43419 -0.971473 0.508736 
0.683536 -0.181469 1.74488 1.45919 -0.980182 0.503709 
0.68579 -0.202039 1.73871 1.48385 -0.988135 0.497681 
0.687303 -0.223647 1.72991 1.50815 -0.995318 0.490631 
0.688065 -0.246308 1.71844 1.53209 -1.00172 0.482545 
0.688084 -0.270008 1.70435 1.55568 -1.00735 0.473437 
0.687378 -0.294725 1.68767 1.57891 -1.01222 0.463329 
0.68596 -0.320438 1.66848 1.60181 -1.01636 0.452239 
0.683847 -0.347126 1.64681 1.62437 -1.01977 0.440191 
0.681052 -0.374767 1.62273 1.64661 -1.02247 0.427204 
0.677592 -0.403342 1.59628 1.66853 -1.02448 0.413299 
0.673481 -0.432827 1.56753 1.69013 -1.02581 0.398497 
0.668735 -0.463203 1.53653 1.71143 -1.02648 0.38282 
0.663368 -0.494447 1.50332 1.73244 -1.02651 0.366287 
0.657396 -0.52654 1.46797 1.75315 -1.02591 0.34892 
0.650834 -0.559459 1.43052 1.77358 -1.02469 0.33074 
0.643697 -0.593183 1.39103 1.79374 -1.02288 0.311767 
0.636 -0.627692 1.34956 1.81362 -1.02048 0.292022 
0.627759 -0.662963 1.30615 1.83325 -1.01752 0.271527 
0.618988 -0.698977 1.26087 1.85262 -1.014 0.250301 
0.609702 -0.735711 1.21376 1.87175 -1.00996 0.228367 
0.599917 -0.773144 1.16488 1.89063 -1.00539 0.205744 
0.589648 -0.811256 1.11428 1.90929 -1.00031 0.182454 
0.57891 -0.850024 1.06202 1.92772 -0.994755 0.158517 
0.567718 -0.889428 1.00814 1.94593 -0.988723 0.133955 
0.556087 -0.929448 0.952712 1.96393 -0.982234 0.108787 
0.544032 -0.97006 0.895779 1.98173 -0.975305 0.083036 
0.531569 -1.01124 0.837397 1.99933 -0.967951 0.0567216 
0.518713 -1.05298 0.777619 2.01675 -0.960188 0.0298649 
0.505478 -1.09525 0.7165 2.03398 -0.952031 0.00248683 
0.49188 -1.13802 0.654092 2.05104 -0.943497 -0.0253918 
0.477934 -1.18128 0.590449 2.06793 -0.9346 -0.0537502 
0.463655 -1.22501 0.525625 2.08466 -0.925358 -0.0825674 
0.449059 -1.26918 0.459674 2.10125 -0.915784 -0.111823 
0.43416 -1.31378 0.39265 2.11768 -0.905897 -0.141495 
0.418973 -1.35878 0.324606 2.13398 -0.89571 -0.171564 
0.403514 -1.40416 0.255595 2.15015 -0.88524 -0.202008 
0.387798 -1.4499 0.185672 2.16619 -0.874502 -0.232806 
0.371839 -1.49598 0.11489 2.18212 -0.863512 -0.263938 
0.355654 -1.54238 0.0433031 2.19794 -0.852287 -0.295384 
0.339257 -1.58908 -0.0290355 2.21365 -0.840841 -0.327121 
0.322663 -1.63605 -0.102072 2.22928 -0.82919 -0.359129 
0.305888 -1.68327 -0.175753 2.24481 -0.817351 -0.391387 
0.288946 -1.73073 -0.250024 2.26027 -0.805339 -0.423875 
0.271853 -1.7784 -0.324831 2.27566 -0.793169 -0.456572 
0.254624 -1.82626 -0.400122 2.29097 -0.780857 -0.489456 
0.237273 -1.87429 -0.475843 2.30624 -0.76842 -0.522507 
0.219817 -1.92247 -0.551939 2.32145 -0.755872 -0.555704 
0.20227 -1.97078 -0.628357 2.33661 -0.74323 -0.589027 
0.184647 -2.01919 -0.705044 2.35174 -0.73051 -0.622453 
0.166964 -2.06768 -0.781945 2.36684 -0.717726 -0.655963 
0.149235 -2.11625 -0.859007 2.38192 -0.704895 -0.689536 
0.131477 -2.16485 -0.936177 2.39699 -0.692033 -0.72315 
0.113703 -2.21347 -1.0134 2.41205 -0.679155 -0.756785 
TrajSize: 101 and step: 5


traj!!!!!!!!!---------------- 
0 0 0 0 0 0 
-2.58327 1.29591 1.44278 -0.648479 -1.18763 -1.59867 
0.687303 -0.223647 1.72991 1.50815 -0.995318 0.490631 
0.113703 -2.21347 -1.0134 2.41205 -0.679155 -0.756785 
traj!!!!!!!!!---------------- 
0 0 0 0 0 0 
-0.0879968 0.0403013 0.0309778 -0.0295938 -0.0309442 -0.0560818 
-0.175906 0.0805681 0.0619505 -0.0591477 -0.0618711 -0.112106 
-0.263641 0.120766 0.092913 -0.0886217 -0.0927635 -0.168014 
-0.351115 0.16086 0.12386 -0.117976 -0.123604 -0.223749 
-0.438239 0.200816 0.154787 -0.147171 -0.154376 -0.279252 
-0.524928 0.240599 0.185688 -0.176166 -0.185061 -0.334465 
-0.611092 0.280175 0.216559 -0.204921 -0.215642 -0.389331 
-0.696647 0.31951 0.247394 -0.233398 -0.246103 -0.443793 
-0.781503 0.358568 0.278189 -0.261555 -0.276426 -0.497791 
-0.865575 0.397315 0.308937 -0.289352 -0.306593 -0.551268 
-0.948774 0.435717 0.339635 -0.316751 -0.336587 -0.604166 
-1.03101 0.473739 0.370276 -0.34371 -0.366392 -0.656427 
-1.11221 0.511347 0.400857 -0.370191 -0.395989 -0.707994 
-1.19226 0.548506 0.431371 -0.396152 -0.425362 -0.758809 
-1.2711 0.585181 0.461813 -0.421555 -0.454493 -0.808813 
-1.34863 0.621338 0.49218 -0.446359 -0.483366 -0.857949 
-1.42477 0.656943 0.522465 -0.470525 -0.511962 -0.906158 
-1.49942 0.691961 0.552663 -0.494012 -0.540264 -0.953384 
-1.5725 0.726357 0.582769 -0.51678 -0.568255 -0.999568 
-1.64392 0.760097 0.612779 -0.53879 -0.595919 -1.04465 
-1.7136 0.793146 0.642687 -0.560002 -0.623237 -1.08858 
-1.78144 0.82547 0.672488 -0.580376 -0.650193 -1.13129 
-1.84737 0.857035 0.702177 -0.599871 -0.676768 -1.17273 
-1.91129 0.887805 0.731748 -0.618449 -0.702947 -1.21283 
-1.97312 0.917746 0.761197 -0.636068 -0.728711 -1.25155 
-2.03277 0.946824 0.790519 -0.65269 -0.754043 -1.28882 
-2.09015 0.975005 0.819709 -0.668274 -0.778927 -1.32458 
-2.14517 1.00225 0.848761 -0.68278 -0.803344 -1.35879 
-2.19775 1.02853 0.87767 -0.696169 -0.827278 -1.39137 
-2.2478 1.05381 0.906431 -0.7084 -0.850711 -1.42227 
-2.29524 1.07806 0.93504 -0.719434 -0.873626 -1.45144 
-2.33997 1.10123 0.96349 -0.72923 -0.896006 -1.47881 
-2.38191 1.1233 0.991778 -0.737749 -0.917833 -1.50433 
-2.42097 1.14422 1.0199 -0.744951 -0.939091 -1.52794 
-2.45706 1.16398 1.04784 -0.750796 -0.959761 -1.54958 
-2.4901 1.18252 1.07561 -0.755244 -0.979827 -1.56919 
-2.52 1.19983 1.1032 -0.758255 -0.999272 -1.58672 
-2.54668 1.21585 1.13059 -0.759789 -1.01808 -1.60211 
-2.57004 1.23056 1.15779 -0.759807 -1.03623 -1.6153 
-2.58999 1.24393 1.1848 -0.758268 -1.0537 -1.62624 
-2.60646 1.25591 1.2116 -0.755132 -1.07049 -1.63485 
-2.61935 1.26648 1.23819 -0.75036 -1.08657 -1.6411 
-2.62858 1.2756 1.26457 -0.743911 -1.10192 -1.64491 
-2.63406 1.28323 1.29072 -0.735746 -1.11653 -1.64623 
-2.6357 1.28935 1.31666 -0.725825 -1.13038 -1.64501 
-2.63341 1.2939 1.34236 -0.714107 -1.14345 -1.64118 
-2.62711 1.29688 1.36783 -0.700554 -1.15573 -1.63469 
-2.61671 1.29822 1.39306 -0.685125 -1.1672 -1.62548 
-2.60213 1.29791 1.41805 -0.66778 -1.17783 -1.61349 
-2.58327 1.29591 1.44278 -0.648479 -1.18763 -1.59867 
-2.56008 1.2922 1.46726 -0.627199 -1.19656 -1.58098 
-2.5327 1.28679 1.49145 -0.603989 -1.20465 -1.5605 
-2.50126 1.27973 1.51533 -0.578913 -1.21192 -1.53736 
-2.46592 1.27106 1.53887 -0.552037 -1.21839 -1.51166 
-2.42685 1.26081 1.56202 -0.523424 -1.22407 -1.48352 
-2.38418 1.24903 1.58478 -0.49314 -1.22899 -1.45304 
-2.33809 1.23574 1.6071 -0.46125 -1.23317 -1.42035 
-2.28872 1.22099 1.62895 -0.427819 -1.23662 -1.38554 
-2.23624 1.20481 1.65031 -0.392911 -1.23938 -1.34874 
-2.18078 1.18724 1.67115 -0.356592 -1.24144 -1.31006 
-2.12252 1.16832 1.69143 -0.318927 -1.24285 -1.26961 
-2.0616 1.14809 1.71112 -0.27998 -1.24362 -1.2275 
-1.99819 1.12658 1.7302 -0.239816 -1.24376 -1.18385 
-1.93243 1.10383 1.74864 -0.198501 -1.2433 -1.13876 
-1.86448 1.07988 1.7664 -0.156099 -1.24226 -1.09235 
-1.79449 1.05476 1.78346 -0.112675 -1.24066 -1.04474 
-1.72263 1.02852 1.79978 -0.0682948 -1.23851 -0.996025 
-1.64904 1.0012 1.81534 -0.0230222 -1.23584 -0.946329 
-1.57389 0.972816 1.8301 0.0230775 -1.23267 -0.895762 
-1.49732 0.943423 1.84404 0.0699393 -1.22903 -0.844437 
-1.41949 0.913053 1.85712 0.117498 -1.22491 -0.792465 
-1.34056 0.881745 1.86932 0.16569 -1.22036 -0.739959 
-1.26068 0.849535 1.8806 0.214448 -1.21539 -0.687032 
-1.18001 0.816462 1.89094 0.263709 -1.21001 -0.633796 
-1.09871 0.782562 1.9003 0.313408 -1.20426 -0.580363 
-1.01692 0.747874 1.90866 0.363479 -1.19814 -0.526846 
-0.934799 0.712436 1.91599 0.413858 -1.19168 -0.473356 
-0.852509 0.676283 1.92225 0.464479 -1.1849 -0.420008 
-0.770204 0.639455 1.92742 0.515278 -1.17783 -0.366912 
-0.688036 0.601988 1.93146 0.566191 -1.17047 -0.314182 
-0.606162 0.56392 1.93434 0.617151 -1.16285 -0.261929 
-0.524736 0.525288 1.93605 0.668094 -1.15499 -0.210266 
-0.443915 0.486131 1.93653 0.718955 -1.14691 -0.159306 
-0.363852 0.446485 1.93578 0.769669 -1.13862 -0.10916 
-0.284704 0.406389 1.93374 0.820172 -1.13016 -0.0599423 
-0.206625 0.365879 1.93041 0.870398 -1.12154 -0.0117638 
-0.129771 0.324993 1.92574 0.920282 -1.11278 0.0352627 
-0.054296 0.283769 1.9197 0.96976 -1.1039 0.0810247 
0.0196439 0.242244 1.91227 1.01877 -1.09492 0.12541 
0.0918937 0.200456 1.90341 1.06724 -1.08586 0.168306 
0.162298 0.158443 1.8931 1.1151 -1.07675 0.2096 
0.230703 0.116241 1.88131 1.16231 -1.06759 0.24918 
0.296951 0.0738881 1.868 1.20878 -1.05841 0.286934 
0.360889 0.0314224 1.85315 1.25445 -1.04923 0.322749 
0.422362 -0.0111191 1.83672 1.29927 -1.04008 0.356513 
0.481213 -0.0536986 1.81869 1.34316 -1.03096 0.388114 
0.537288 -0.0962787 1.79902 1.38605 -1.02191 0.417438 
0.590431 -0.138822 1.77769 1.42789 -1.01294 0.444374 
0.640488 -0.181291 1.75466 1.46862 -1.00407 0.468809 
0.687303 -0.223647 1.72991 1.50815 -0.995318 0.490631 
0.730759 -0.265861 1.70342 1.54645 -0.986706 0.509755 
0.770885 -0.307929 1.6752 1.58352 -0.978233 0.526208 
0.807751 -0.349853 1.6453 1.6194 -0.969896 0.540045 
0.841424 -0.391636 1.61375 1.6541 -0.961692 0.551319 
0.871971 -0.433282 1.58059 1.68764 -0.953618 0.560086 
0.899461 -0.474793 1.54585 1.72006 -0.945671 0.5664 
0.923962 -0.516173 1.50957 1.75139 -0.937849 0.570316 
0.945542 -0.557424 1.47177 1.78163 -0.930149 0.571887 
0.964268 -0.59855 1.4325 1.81083 -0.922568 0.571169 
0.980209 -0.639553 1.3918 1.839 -0.915102 0.568217 
0.993432 -0.680436 1.34969 1.86617 -0.90775 0.563083 
1.00401 -0.721203 1.30621 1.89236 -0.900508 0.555824 
1.012 -0.761856 1.26139 1.9176 -0.893374 0.546493 
1.01748 -0.802399 1.21528 1.94192 -0.886345 0.535145 
1.02051 -0.842834 1.16791 1.96534 -0.879417 0.521835 
1.02116 -0.883164 1.11931 1.98788 -0.872589 0.506617 
1.01951 -0.923392 1.06951 2.00958 -0.865857 0.489546 
1.01561 -0.963522 1.01856 2.03044 -0.859218 0.470675 
1.00954 -1.00356 0.966482 2.05051 -0.852669 0.450061 
1.00136 -1.0435 0.913318 2.0698 -0.846209 0.427756 
0.991149 -1.08335 0.859101 2.08834 -0.839833 0.403816 
0.978964 -1.12311 0.803866 2.10616 -0.83354 0.378296 
0.964876 -1.1628 0.747649 2.12327 -0.827325 0.351249 
0.948954 -1.2024 0.690484 2.13971 -0.821188 0.32273 
0.931266 -1.24192 0.632407 2.1555 -0.815123 0.292794 
0.911879 -1.28137 0.573453 2.17066 -0.80913 0.261495 
0.890862 -1.32074 0.513656 2.18523 -0.803204 0.228888 
0.868282 -1.36005 0.453052 2.19922 -0.797344 0.195027 
0.844207 -1.39929 0.391677 2.21265 -0.791546 0.159967 
0.818706 -1.43847 0.329564 2.22557 -0.785807 0.123762 
0.791846 -1.47759 0.26675 2.23798 -0.780125 0.0864665 
0.763696 -1.51665 0.203269 2.24992 -0.774496 0.0481356 
0.734322 -1.55566 0.139156 2.26141 -0.768919 0.00882354 
0.703794 -1.59462 0.0744464 2.27247 -0.763389 -0.0314152 
0.672178 -1.63353 0.00917561 2.28313 -0.757905 -0.0725262 
0.639543 -1.6724 -0.0566216 2.29342 -0.752464 -0.114455 
0.605958 -1.71122 -0.12291 2.30335 -0.747062 -0.157147 
0.571489 -1.75 -0.189655 2.31296 -0.741697 -0.200547 
0.536205 -1.78875 -0.256821 2.32228 -0.736366 -0.244602 
0.500173 -1.82747 -0.324372 2.33131 -0.731066 -0.289256 
0.463462 -1.86615 -0.392275 2.3401 -0.725794 -0.334455 
0.42614 -1.90481 -0.460494 2.34866 -0.720548 -0.380145 
0.388274 -1.94345 -0.528993 2.35702 -0.715324 -0.426271 
0.349933 -1.98206 -0.597738 2.36521 -0.71012 -0.472779 
0.311184 -2.02066 -0.666693 2.37324 -0.704933 -0.519613 
0.272095 -2.05924 -0.735824 2.38115 -0.699761 -0.566721 
0.232735 -2.09781 -0.805095 2.38896 -0.694599 -0.614046 
0.193171 -2.13637 -0.874472 2.3967 -0.689447 -0.661535 
0.153471 -2.17492 -0.943918 2.40439 -0.684299 -0.709133 
0.113703 -2.21347 -1.0134 2.41205 -0.679155 -0.756785 
